# Cosima universal isotope store
# VN is followed by the volume name in which the isotope was produced
# RP is followed by the isotope ID (1000*Z+A), the excitation in keV, and a value (e.g. the number of produced isotopes, activation in Bq)

TT 0

VN CsIShield
RP 2006       0.00   2.54747e+00
RP 3008       0.00   1.52848e+00
RP 3009       0.00   2.54747e-01
RP 4007       0.00   1.51535e+00
RP 4008       0.00   1.52848e+00
RP 4010       0.00   2.33870e-07
RP 5012       0.00   1.27373e-01
RP 6010       0.00   2.54747e-01
RP 6011       0.00   6.36866e-01
RP 6014       0.00   4.64635e-05
RP 7016       0.00   2.54747e-01
RP 8019       0.00   1.27373e-01
RP 9018       0.00   7.64240e-01
RP 9020       0.00   2.54747e-01
RP 9021       0.00   1.27373e-01
RP 10023       0.00   1.27373e-01
RP 11022       0.00   3.57358e-01
RP 11024       0.00   6.36866e-01
RP 11025       0.00   3.82120e-01
RP 12027       0.00   1.27373e-01
RP 13026       0.00   1.47759e-06
RP 13028       0.00   1.01899e+00
RP 13029       0.00   1.27373e-01
RP 13030       0.00   1.27373e-01
RP 14027       0.00   1.27373e-01
RP 14031       0.00   5.09493e-01
RP 15029       0.00   1.27373e-01
RP 15030       0.00   7.64240e-01
RP 15032       0.00   1.40111e+00
RP 15033       0.00   1.27367e-01
RP 15034       0.00   7.64240e-01
RP 16035       0.00   8.42437e-01
RP 16037       0.00   1.27373e-01
RP 17034       0.00   1.27373e-01
RP 17036       0.00   4.10223e-06
RP 18037       0.00   7.63687e-01
RP 18039       0.00   1.63889e-03
RP 18042       0.00   2.65540e-03
RP 18043       0.00   1.27373e-01
RP 18044       0.00   1.27373e-01
RP 19038       0.00   2.54747e-01
RP 19040       0.00   5.65936e-10
RP 19042       0.00   5.12143e-01
RP 19043       0.00   3.82120e-01
RP 19044       0.00   2.54747e-01
RP 20041       0.00   5.19328e-06
RP 20045       0.00   2.01048e-01
RP 20047       0.00   1.27373e-01
RP 21042       0.00   1.27373e-01
RP 21043       0.00   5.09493e-01
RP 21044     146.19   2.95834e-03
RP 21044       0.00   5.12461e-01
RP 21045      12.40   1.80908e-04
RP 21046       0.00   6.05831e-01
RP 21047       0.00   7.64240e-01
RP 21048       0.00   3.82120e-01
RP 22044       0.00   2.97023e-03
RP 22045       0.00   7.64240e-01
RP 23047       0.00   5.09493e-01
RP 23048       0.00   1.78323e+00
RP 23049       0.00   6.82288e-01
RP 23050       0.00   0.00000e+00
RP 23052       0.00   5.09493e-01
RP 24049       0.00   3.82120e-01
RP 24050       0.00   0.00000e+00
RP 24051       0.00   2.54719e+00
RP 24055       0.00   1.27373e-01
RP 24057       0.00   1.27373e-01
RP 25051       0.00   3.82120e-01
RP 25052       0.00   5.09493e-01
RP 25053       0.00   3.30480e-07
RP 25054       0.00   9.19901e-01
RP 25056       0.00   5.09493e-01
RP 25057       0.00   1.27373e-01
RP 25060       0.00   1.27373e-01
RP 26053       0.00   5.09493e-01
RP 26055       0.00   7.10445e-01
RP 26059       0.00   1.26943e-01
RP 26060       0.00   1.34788e-07
RP 27055       0.00   6.36866e-01
RP 27056       0.00   2.20503e+00
RP 27057       0.00   1.92891e+00
RP 27058       0.00   2.59973e+00
RP 27060      58.59   1.34784e-07
RP 27060       0.00   1.88334e-01
RP 27061       0.00   1.27373e-01
RP 28056       0.00   3.82120e-01
RP 28057       0.00   5.09493e-01
RP 28059       0.00   2.32331e-05
RP 28063       0.00   5.21646e-03
RP 28065       0.00   1.27373e-01
RP 28069       0.00   1.27373e-01
RP 29060       0.00   2.54747e-01
RP 29061       0.00   1.01899e+00
RP 29062       0.00   3.31170e+00
RP 29064       0.00   3.82120e+00
RP 29066       0.00   7.64240e-01
RP 29067       0.00   1.27373e-01
RP 29068       0.00   3.82120e-01
RP 29069       0.00   1.27373e-01
RP 29072       0.00   1.27373e-01
RP 30062       0.00   2.54747e-01
RP 30063       0.00   1.91060e+00
RP 30065       0.00   4.03054e+00
RP 30067      93.31   2.71968e+00
RP 30069       0.00   8.91613e-01
RP 30070       0.00   0.00000e+00
RP 30072       0.00   1.27373e-01
RP 31065       0.00   7.64240e-01
RP 31066       0.00   1.40110e+00
RP 31067       0.00   3.69383e+00
RP 31068       0.00   5.88185e+00
RP 31070       0.00   1.40111e+00
RP 31072     119.66   4.91375e-03
RP 31072       0.00   1.27373e-01
RP 31073       0.00   2.54747e-01
RP 31074       0.00   1.27373e-01
RP 32066       0.00   3.82120e-01
RP 32067       0.00   8.91613e-01
RP 32068       0.00   1.93350e+00
RP 32069      86.76   4.17204e-02
RP 32069       0.00   2.42009e+00
RP 32071     198.35   6.95367e-02
RP 32071       0.00   5.47705e+00
RP 32073      66.73   5.32779e+00
RP 32075       0.00   2.54747e-01
RP 33069       0.00   5.09493e-01
RP 33070      32.01   2.54748e-01
RP 33070       0.00   1.65585e+00
RP 33071       0.00   1.65585e+00
RP 33072       0.00   6.36866e+00
RP 33073     427.91   2.62316e+00
RP 33073       0.00   4.99833e+00
RP 33074       0.00   1.65585e+00
RP 33075     303.92   4.24152e-01
RP 33076       0.00   7.64240e-01
RP 33077       0.00   2.54747e-01
RP 34069       0.00   1.27373e-01
RP 34070       0.00   2.54747e-01
RP 34071       0.00   7.64240e-01
RP 34072       0.00   1.78323e+00
RP 34073      25.71   2.54882e-01
RP 34073       0.00   2.67497e+00
RP 34075       0.00   6.49498e+00
RP 34077     161.92   2.02011e-01
RP 34079       0.00   8.97823e-07
RP 35073       0.00   2.54882e-01
RP 35074       0.00   1.14636e+00
RP 35075       0.00   3.31170e+00
RP 35076     102.58   1.63608e-02
RP 35076       0.00   5.47706e+00
RP 35077     105.86   5.08813e-01
RP 35077       0.00   9.55301e+00
RP 35078       0.00   3.18433e+00
RP 35079     207.61   2.81539e-15
RP 35080       0.00   1.78323e+00
RP 35082       0.00   2.54747e-01
RP 35084       0.00   1.27373e-01
RP 35085       0.00   1.27373e-01
RP 35090       0.00   1.27293e-01
RP 36074       0.00   1.27373e-01
RP 36075       0.00   8.91613e-01
RP 36076       0.00   1.91060e+00
RP 36077       0.00   5.60443e+00
RP 36079     129.77   1.06931e+00
RP 36079       0.00   8.66137e+00
RP 36081     190.64   7.02243e+00
RP 36081       0.00   3.23347e-05
RP 36083      41.56   6.07130e+00
RP 36085     304.87   1.27186e-01
RP 36085       0.00   2.38784e-02
RP 36090       0.00   1.27293e-01
RP 37076       0.00   1.27373e-01
RP 37077       0.00   2.54747e-01
RP 37078       0.00   1.14636e+00
RP 37079       0.00   2.80221e+00
RP 37080       0.00   6.36866e+00
RP 37081      86.31   5.41049e-03
RP 37081       0.00   7.38764e+00
RP 37082       0.00   1.13359e+01
RP 37083      42.11   5.55036e+00
RP 37083       0.00   1.01871e+01
RP 37084       0.00   2.29170e+00
RP 37086       0.00   3.82119e-01
RP 37087       0.00   3.67093e-12
RP 37088       0.00   1.27373e-01
RP 37090     106.90   1.66969e-02
RP 37090       0.00   1.27312e-01
RP 38078       0.00   5.09493e-01
RP 38079       0.00   8.91613e-01
RP 38080       0.00   2.03797e+00
RP 38081       0.00   3.56645e+00
RP 38082       0.00   6.75048e+00
RP 38083     259.15   2.14665e-02
RP 38083       0.00   8.52258e+00
RP 38085     238.79   6.49610e+00
RP 38085       0.00   1.29795e+01
RP 38087     388.53   1.78013e+01
RP 38090       0.00   2.68497e-03
RP 39082       0.00   8.91613e-01
RP 39083      61.98   2.42955e-01
RP 39083       0.00   1.01819e+00
RP 39084       0.00   3.82120e+00
RP 39085       0.00   6.49604e+00
RP 39086       0.00   1.31194e+01
RP 39087     380.82   1.14324e+01
RP 39087       0.00   1.78353e+01
RP 39088     392.86   1.21256e+01
RP 39088       0.00   1.29571e+01
RP 39089     908.97   1.89772e+01
RP 39090       0.00   5.11833e-01
RP 39091       0.00   3.77072e-01
RP 39092       0.00   1.27373e-01
RP 40082       0.00   1.27373e-01
RP 40083       0.00   2.54747e-01
RP 40084       0.00   1.78323e+00
RP 40085       0.00   2.16535e+00
RP 40086       0.00   7.13290e+00
RP 40087     335.84   6.38015e-01
RP 40087       0.00   1.13374e+01
RP 40088       0.00   1.21256e+01
RP 40089     587.82   1.07120e-01
RP 40089       0.00   1.91060e+01
RP 40090    2319.00   1.24385e+01
RP 40093       0.00   3.83852e-07
RP 40095       0.00   1.24930e-01
RP 41086       0.00   2.54747e-01
RP 41087       0.00   6.38015e-01
RP 41088       0.00   2.79976e+00
RP 41089       0.00   7.51503e+00
RP 41090     382.01   5.89070e+00
RP 41090     124.67   5.89070e+00
RP 41090     122.37   5.92338e+00
RP 41090       0.00   1.34384e+01
RP 41091     104.60   3.25107e-03
RP 41091       0.00   1.67315e-02
RP 41092       0.00   4.83411e-08
RP 41093      30.77   5.46549e-05
RP 41094       0.00   3.91409e-05
RP 41095     235.69   1.34791e-03
RP 41095       0.00   2.49375e-01
RP 41096       0.00   2.54747e-01
RP 41097       0.00   1.27373e-01
RP 41101       0.00   1.27373e-01
RP 42086       0.00   1.27373e-01
RP 42087       0.00   1.28186e-01
RP 42088       0.00   3.79663e-01
RP 42089       0.00   2.67484e+00
RP 42090       0.00   6.36866e+00
RP 42091     653.01   7.12509e-03
RP 42091       0.00   9.17087e+00
RP 42093       0.00   2.93262e-03
RP 42100       0.00   0.00000e+00
RP 42101       0.00   5.09493e-01
RP 42102       0.00   1.27373e-01
RP 43090       0.00   1.27373e-01
RP 43091       0.00   1.01899e+00
RP 43092       0.00   4.20333e+00
RP 43093     391.84   1.03458e-02
RP 43093       0.00   1.08267e+01
RP 43094      76.00   1.26043e+01
RP 43094       0.00   2.02467e+01
RP 43095      38.91   2.96391e-01
RP 43095       0.00   1.87191e+01
RP 43096       0.00   4.58544e+00
RP 43097      96.57   7.82297e-03
RP 43097       0.00   4.17358e-06
RP 43098       0.00   3.78369e-07
RP 43099       0.00   4.60040e-06
RP 43100       0.00   7.64240e-01
RP 43101     207.53   1.17858e-01
RP 43101       0.00   1.01899e+00
RP 43102       0.00   5.09493e-01
RP 43107       0.00   1.27373e-01
RP 44092       0.00   1.65585e+00
RP 44093       0.00   2.42009e+00
RP 44094       0.00   1.26043e+01
RP 44095       0.00   1.27373e+01
RP 44097       0.00   2.36354e+01
RP 44103       0.00   7.63032e-01
RP 44105       0.00   1.27373e-01
RP 44107       0.00   1.27373e-01
RP 45094       0.00   1.27458e-01
RP 45095       0.00   2.42009e+00
RP 45096      51.98   1.52849e+00
RP 45096       0.00   4.96757e+00
RP 45097     258.76   5.75332e-02
RP 45097       0.00   1.18461e+01
RP 45098       0.00   1.65585e+01
RP 45099       0.00   2.19082e+01
RP 45100       0.00   2.58567e+01
RP 45101     157.32   1.96848e+01
RP 45101       0.00   4.90323e+00
RP 45102       0.00   3.68245e+00
RP 45103      39.75   3.05306e+01
RP 45104       0.00   8.91613e-01
RP 45105     129.78   3.64795e-02
RP 45105       0.00   1.65585e+00
RP 45106       0.00   7.64240e-01
RP 45107     268.36   2.20327e-03
RP 45107       0.00   5.09493e-01
RP 45108       0.00   1.27373e-01
RP 46094       0.00   1.27458e-01
RP 46096       0.00   1.52848e+00
RP 46097       0.00   2.67484e+00
RP 46098       0.00   7.89714e+00
RP 46099       0.00   1.23552e+01
RP 46100       0.00   1.75775e+01
RP 46101       0.00   2.01370e+01
RP 46103       0.00   3.16539e+01
RP 46105     489.14   2.23736e-01
RP 46107       0.00   4.88734e-07
RP 46109       0.00   8.91613e-01
RP 46112       0.00   1.27373e-01
RP 46116       0.00   1.27373e-01
RP 47098       0.00   1.27373e-01
RP 47099       0.00   1.78323e+00
RP 47100       0.00   2.92959e+00
RP 47101     274.10   4.32721e-01
RP 47101       0.00   7.89872e+00
RP 47102       9.40   4.73354e+00
RP 47102       0.00   1.38837e+01
RP 47103     134.45   2.29348e+00
RP 47103       0.00   2.13980e+01
RP 47104       6.90   2.15268e+01
RP 47104       0.00   3.43915e+01
RP 47105      25.48   3.05782e+01
RP 47105       0.00   4.51585e+01
RP 47106       0.00   7.89714e+00
RP 47107      93.12   4.68443e+01
RP 47108       0.00   5.47705e+00
RP 47109      88.03   2.53445e+01
RP 47110       0.00   2.80221e+00
RP 47111       0.00   7.64240e-01
RP 47112       0.00   8.91613e-01
RP 47113       0.00   3.82120e-01
RP 47115       0.00   2.54747e-01
RP 47116       0.00   1.27373e-01
RP 47120       0.00   1.27373e-01
RP 48099       0.00   1.27373e-01
RP 48100       0.00   1.14636e+00
RP 48101       0.00   3.05696e+00
RP 48102       0.00   5.09493e+00
RP 48103       0.00   1.17176e+01
RP 48104       0.00   2.15269e+01
RP 48105       0.00   3.59587e+01
RP 48107       0.00   4.68734e+01
RP 48109     463.50   2.08758e-02
RP 48109      59.49   1.77285e+00
RP 48109       0.00   2.69282e+01
RP 48111     396.21   4.28955e-03
RP 48113     263.54   3.35450e-04
RP 48113       0.00   5.33040e-16
RP 48115       0.00   2.03797e+00
RP 48116       0.00   -2.58494e-17
RP 48117       0.00   1.27373e+00
RP 48118       0.00   3.82120e-01
RP 48119       0.00   2.54747e-01
RP 48120       0.00   3.82120e-01
RP 48121       0.00   1.27373e-01
RP 48122       0.00   1.27373e-01
RP 49103       0.00   7.63471e-01
RP 49104      93.48   3.82950e-01
RP 49104       0.00   8.92443e-01
RP 49105     674.08   2.78022e-01
RP 49105       0.00   3.57493e+00
RP 49106       0.00   1.00625e+01
RP 49107       0.00   2.01250e+01
RP 49108       0.00   3.13338e+01
RP 49109     650.10   6.38434e+00
RP 49109       0.00   4.59637e+01
RP 49110       0.00   6.90363e+01
RP 49111     536.99   2.34966e-01
RP 49111       0.00   8.63199e+01
RP 49112       0.00   2.15261e+01
RP 49113     391.70   9.62168e+01
RP 49114       0.00   1.23552e+01
RP 49115     336.24   2.03797e+00
RP 49115       0.00   1.97409e-14
RP 49116       0.00   7.51502e+00
RP 49117     315.30   1.16809e+00
RP 49117       0.00   6.36866e+00
RP 49118       0.00   3.43908e+00
RP 49119     311.37   2.29621e-01
RP 49119       0.00   3.18433e+00
RP 49120       0.00   1.52848e+00
RP 49121     313.68   8.81706e-02
RP 49121       0.00   1.40111e+00
RP 49122       0.00   1.27373e+00
RP 49123       0.00   1.40111e+00
RP 49124       0.00   6.36866e-01
RP 50103       0.00   1.26605e-01
RP 50104       0.00   3.82948e-01
RP 50105       0.00   1.28369e+00
RP 50106       0.00   3.69383e+00
RP 50107       0.00   6.36866e+00
RP 50108       0.00   1.13362e+01
RP 50109       0.00   2.19007e+01
RP 50110       0.00   4.25427e+01
RP 50111     254.71   3.18251e-01
RP 50111       0.00   6.27949e+01
RP 50113      77.39   6.01948e+00
RP 50113       0.00   1.00458e+02
RP 50117     314.58   2.22102e-02
RP 50119      89.53   1.35016e-01
RP 50121       6.31   2.60175e-03
RP 50121       0.00   1.33109e+01
RP 50123       0.00   5.25227e+00
RP 50125       0.00   7.38765e+00
RP 50126       0.00   7.67703e-07
RP 51107       0.00   1.27373e-01
RP 51109       0.00   5.01994e-01
RP 51110       0.00   2.03796e+00
RP 51111       0.00   3.94857e+00
RP 51112       0.00   9.80774e+00
RP 51113       0.00   2.87864e+01
RP 51114       0.00   4.15238e+01
RP 51115       0.00   7.19660e+01
RP 51116       0.00   9.88418e+01
RP 51117       0.00   1.14381e+02
RP 51118       0.00   1.50046e+02
RP 51119       0.00   1.75392e+02
RP 51120       0.00   5.70632e+01
RP 51122       0.00   3.04422e+01
RP 51124       0.00   1.94484e+01
RP 51125       0.00   4.84043e+00
RP 51126      40.40   5.31876e-07
RP 51126      17.70   7.67663e-07
RP 51126       0.00   2.92959e+00
RP 51127       0.00   1.78323e+00
RP 51128       0.00   1.40111e+00
RP 51129       0.00   1.65585e+00
RP 51130       0.00   3.82120e-01
RP 52109       0.00   2.55394e-01
RP 52110       0.00   1.14636e+00
RP 52111       0.00   8.91615e-01
RP 52112       0.00   2.92959e+00
RP 52113       0.00   5.47705e+00
RP 52114       0.00   1.42658e+01
RP 52115       0.00   1.88512e+01
RP 52116       0.00   3.85941e+01
RP 52117       0.00   5.00577e+01
RP 52118       0.00   7.98630e+01
RP 52119       0.00   1.11960e+02
RP 52121     293.97   1.82269e-01
RP 52121       0.00   2.14443e+02
RP 52123     247.47   1.00589e-02
RP 52123       0.00   -2.81060e-14
RP 52125     144.78   8.84039e-01
RP 52127      88.23   2.13546e-01
RP 52127       0.00   3.09291e+01
RP 52128       0.00   0.00000e+00
RP 52129     105.51   2.68908e-01
RP 52129       0.00   1.08266e+01
RP 52130       0.00   0.00000e+00
RP 52131       0.00   1.03172e+01
RP 53114       0.00   3.82120e-01
RP 53115       0.00   1.40111e+00
RP 53116       0.00   4.84018e+00
RP 53117       0.00   9.29825e+00
RP 53118       0.00   1.98702e+01
RP 53119       0.00   3.33709e+01
RP 53120       0.00   7.52139e+01
RP 53121       0.00   1.20878e+02
RP 53122       0.00   1.73228e+02
RP 53123       0.00   2.59817e+02
RP 53124       0.00   2.11567e+02
RP 53125       0.00   4.35983e+02
RP 53126       0.00   6.41707e+02
RP 53128       0.00   2.08765e+02
RP 53129       0.00   1.31114e-06
RP 53130       0.00   1.51574e+01
RP 53131       0.00   2.47104e+01
RP 53132       0.00   6.36866e-01
RP 54113       0.00   1.27250e-01
RP 54114       0.00   2.54747e-01
RP 54115       0.00   6.36866e-01
RP 54116       0.00   2.80221e+00
RP 54117       0.00   2.54747e+00
RP 54118       0.00   8.40664e+00
RP 54119       0.00   9.17001e+00
RP 54120       0.00   2.28635e+01
RP 54121       0.00   3.43919e+01
RP 54122       0.00   6.05023e+01
RP 54123     185.18   1.91767e-02
RP 54123       0.00   8.30419e+01
RP 54124       0.00   9.87096e-14
RP 54125       0.00   1.25972e+02
RP 54127     297.10   1.12941e-02
RP 54127       0.00   1.58302e+02
RP 54131     163.93   2.67392e-01
RP 54133       0.00   1.71954e+01
RP 54134       0.00   0.00000e+00
RP 55119       0.00   1.26510e-01
RP 55120       0.00   6.36865e-01
RP 55121       0.00   2.03905e+00
RP 55122       0.00   5.98654e+00
RP 55123       0.00   1.15856e+01
RP 55124     462.63   1.83874e-03
RP 55124       0.00   2.25450e+01
RP 55125       0.00   3.50277e+01
RP 55126       0.00   4.86566e+01
RP 55127       0.00   6.81447e+01
RP 55128       0.00   1.11706e+02
RP 55129       0.00   1.52466e+02
RP 55130       0.00   1.82908e+02
RP 55131       0.00   3.22891e+02
RP 55132       0.00   5.76874e+02
RP 55134       0.00   3.60245e+01
RP 56120       0.00   5.09493e-01
RP 56121       0.00   5.10569e-01
RP 56122       0.00   1.52848e+00
RP 56123       0.00   1.26834e+00
RP 56124       0.00   4.33069e+00
RP 56125       0.00   6.75078e+00
RP 56126       0.00   9.42562e+00
RP 56127       0.00   1.01899e+01
RP 56128       0.00   1.99976e+01
RP 56129       0.00   2.44557e+01
RP 56131       0.00   4.01226e+01
RP 56132       0.00   0.00000e+00
RP 56133       0.00   1.28768e+00
RP 57131       0.00   2.54747e-01
RP 57135       0.00   1.27373e-01
VN GeStripDetector
RP 2006       0.00   3.82120e-01
RP 3008       0.00   8.91613e-01
RP 4007       0.00   1.26279e+00
RP 4008       0.00   8.91613e-01
RP 4010       0.00   6.43143e-07
RP 5012       0.00   5.09493e-01
RP 6010       0.00   2.54747e-01
RP 6011       0.00   1.52848e+00
RP 6014       0.00   1.85854e-04
RP 7013       0.00   5.09493e-01
RP 7016       0.00   1.01899e+00
RP 7017       0.00   1.27373e-01
RP 8015       0.00   2.42009e+00
RP 8019       0.00   3.82120e-01
RP 8020       0.00   3.82120e-01
RP 9017       0.00   8.91613e-01
RP 9018       0.00   8.02452e+00
RP 9020       0.00   3.43908e+00
RP 9021       0.00   6.36866e-01
RP 9022       0.00   5.09493e-01
RP 9023       0.00   3.82120e-01
RP 9024       0.00   2.54747e-01
RP 10019       0.00   6.36866e-01
RP 10023       0.00   2.67484e+00
RP 10024       0.00   1.91060e+00
RP 10025       0.00   1.01899e+00
RP 11021       0.00   1.52848e+00
RP 11022       0.00   4.70521e+00
RP 11024     472.21   1.91056e+00
RP 11024       0.00   2.66210e+01
RP 11025       0.00   5.34968e+00
RP 11026       0.00   2.54747e-01
RP 12022       0.00   2.54747e-01
RP 12023       0.00   2.92958e+00
RP 12027       0.00   1.61764e+01
RP 13023       0.00   1.27373e-01
RP 13024     425.80   1.27373e-01
RP 13024       0.00   5.09493e-01
RP 13025       0.00   4.07595e+00
RP 13026       0.00   5.41783e-05
RP 13028       0.00   6.36866e-01
RP 14024       0.00   1.27373e-01
RP 14025       0.00   1.27373e-01
RP 14027       0.00   2.54747e+00
VN GeWafer
RP 2006       0.00   3.82120e-01
RP 3008       0.00   2.54747e-01
RP 4007       0.00   3.78837e-01
RP 4008       0.00   2.54747e-01
RP 4010       0.00   5.84675e-08
RP 6011       0.00   1.27373e-01
RP 7013       0.00   1.27373e-01
RP 7016       0.00   1.27373e-01
RP 8015       0.00   1.27373e-01
RP 9017       0.00   1.27373e-01
RP 9018       0.00   2.54747e-01
RP 9020       0.00   1.27373e-01
RP 11022       0.00   2.08459e-01
RP 11024       0.00   2.54747e-01
RP 12027       0.00   1.27373e-01
RP 13026       0.00   1.35446e-06
RP 13028       0.00   5.09493e-01
RP 13029       0.00   2.54747e-01
RP 14027       0.00   2.54747e-01
RP 14031       0.00   6.36866e-01
RP 14032       0.00   1.72718e-03
RP 15030       0.00   1.91060e+00
RP 15032       0.00   1.65748e+00
RP 15033       0.00   7.64205e-01
RP 15035       0.00   1.27373e-01
RP 16031       0.00   1.27373e-01
RP 16035       0.00   8.42437e-01
RP 17034       0.00   5.09493e-01
RP 17036       0.00   7.61843e-06
RP 17038       0.00   5.09493e-01
RP 17039       0.00   1.27373e-01
RP 18037       0.00   2.29106e+00
RP 18039       0.00   3.93329e-03
RP 18041       0.00   1.27373e-01
RP 19038       0.00   1.01899e+00
RP 19040       0.00   1.62707e-09
RP 19042       0.00   1.14636e+00
RP 19043       0.00   5.09493e-01
RP 20041       0.00   1.81765e-05
RP 20047       0.00   2.54747e-01
RP 21042       0.00   6.36866e-01
RP 21043       0.00   1.52848e+00
RP 21044     146.19   2.72497e-01
RP 21044       0.00   4.34850e+00
RP 21045      12.40   8.55928e-04
RP 21046       0.00   1.69633e+00
RP 21047       0.00   1.27373e+00
RP 21048       0.00   6.36866e-01
RP 22044       0.00   1.78214e-02
RP 22045       0.00   3.69383e+00
RP 22052       0.00   1.27373e-01
RP 23046       0.00   6.36866e-01
RP 23047       0.00   3.18433e+00
RP 23048       0.00   8.27926e+00
RP 23049       0.00   5.93591e+00
RP 23050       0.00   0.00000e+00
RP 23052       0.00   5.09493e-01
RP 23053       0.00   3.82120e-01
RP 23054       0.00   1.27373e-01
RP 24048       0.00   1.52848e+00
RP 24049       0.00   3.31171e+00
RP 24050       0.00   5.16985e-17
RP 24051       0.00   1.60473e+01
RP 24055       0.00   2.54747e-01
RP 25050       0.00   2.54746e-01
RP 25051       0.00   2.54747e+00
RP 25052     377.75   2.29272e+00
RP 25052       0.00   1.08267e+01
RP 25053       0.00   3.11596e-06
RP 25054       0.00   5.73169e+00
RP 25056       0.00   1.65585e+00
RP 25057       0.00   7.64240e-01
RP 25058       0.00   1.27373e-01
RP 25060       0.00   1.27373e-01
RP 26050       0.00   1.27373e-01
RP 26051       0.00   1.27373e-01
RP 26052       0.00   2.16535e+00
RP 26053       0.00   3.94857e+00
RP 26055       0.00   5.14363e+00
RP 26059       0.00   1.01554e+00
RP 26060       0.00   1.68485e-07
RP 26061       0.00   3.82120e-01
RP 26064       0.00   1.27373e-01
RP 27054       0.00   6.36866e-01
RP 27055       0.00   4.58544e+00
RP 27056       0.00   1.72738e+01
RP 27057       0.00   1.65101e+01
RP 27058       0.00   2.35214e+01
RP 27060      58.59   1.68480e-07
RP 27060       0.00   1.03584e+00
RP 27061       0.00   4.71281e+00
RP 27062       0.00   1.40111e+00
RP 27063       0.00   1.01899e+00
RP 27064       0.00   7.64240e-01
RP 27065       0.00   1.27373e-01
RP 27066       0.00   1.27373e-01
RP 28056       0.00   2.67484e+00
RP 28057       0.00   4.96756e+00
RP 28059       0.00   3.31071e-04
RP 28063       0.00   1.09546e-01
RP 28065      63.37   2.58438e-03
RP 28065       0.00   4.84018e+00
RP 28066       0.00   3.82120e+00
RP 28067       0.00   1.52848e+00
RP 28068       0.00   1.01899e+00
RP 28069       0.00   1.27373e-01
RP 28070       0.00   8.91613e-01
RP 29058       0.00   2.54747e-01
RP 29059       0.00   8.91613e-01
RP 29060       0.00   4.07595e+00
RP 29061       0.00   2.06345e+01
RP 29062       0.00   3.79572e+01
RP 29064       0.00   4.26700e+01
RP 29066       0.00   2.22903e+01
RP 29067       0.00   1.15910e+01
RP 29068       0.00   1.22278e+01
RP 29069       0.00   5.09493e+00
RP 29070     242.60   8.80547e-01
RP 29070     101.10   8.91613e-01
RP 29070       0.00   5.46612e+00
RP 29071       0.00   3.18433e+00
RP 29072       0.00   2.29272e+00
RP 29074       0.00   3.82120e-01
RP 30061       0.00   1.14636e+00
RP 30062       0.00   5.22230e+00
RP 30063       0.00   1.68133e+01
RP 30065       0.00   4.74617e+01
RP 30067      93.31   3.25961e+01
RP 30069       0.00   3.55371e+01
RP 30070       0.00   -4.77809e-20
RP 30071     157.70   5.99823e-01
RP 30071       0.00   1.26100e+01
RP 30072       0.00   7.89714e+00
RP 30073       0.00   8.91613e-01
RP 30074       0.00   2.03797e+00
RP 30075       0.00   1.27373e-01
RP 31064      42.85   2.76499e-02
RP 31064       0.00   1.27373e+00
RP 31065       0.00   6.24129e+00
RP 31066       0.00   1.75775e+01
RP 31067       0.00   4.01554e+01
RP 31068       0.00   7.61958e+01
RP 31070       0.00   7.01827e+01
RP 31072     119.66   3.04653e-01
RP 31072       0.00   4.26700e+01
RP 31073       0.00   3.50277e+01
RP 31074      59.57   1.19207e+00
RP 31074       0.00   9.55300e+00
RP 31075       0.00   5.22230e+00
RP 31076       0.00   5.09493e-01
RP 32064       0.00   1.27373e-01
RP 32065       0.00   2.54747e-01
RP 32066       0.00   3.82120e+00
RP 32067      18.20   2.09800e-01
RP 32067       0.00   5.09493e+00
RP 32068       0.00   1.96443e+01
RP 32069      86.76   1.35592e-01
RP 32069       0.00   8.29200e+01
RP 32071     198.35   2.46053e-01
RP 32071       0.00   1.98065e+02
RP 32073      66.73   4.64697e+01
RP 32075     139.69   3.37073e-02
RP 32075       0.00   4.53449e+01
RP 32077       0.00   3.82120e-01
RP 33067       0.00   3.82120e-01
RP 33068       0.00   3.82120e-01
RP 33069       0.00   1.65585e+00
RP 33070       0.00   5.60442e+00
RP 33071       0.00   5.85917e+00
RP 33072       0.00   1.61764e+01
RP 33073       0.00   1.20711e+01
RP 33074       0.00   8.40663e+00
RP 33075     303.92   7.34397e-03
RP 33076       0.00   6.36866e-01
RP 33077     475.48   1.25332e-01
RP 33077       0.00   3.82120e-01
RP 34072       0.00   1.27373e-01
RP 34075       0.00   1.11986e-01
RP 34077     161.92   9.58019e-04
VN GeWaferGuardRing
RP 4007       0.00   1.26279e-01
RP 11022       0.00   8.93394e-02
RP 13026       0.00   2.46265e-07
RP 13028       0.00   1.27373e-01
RP 14034       0.00   1.27373e-01
RP 15030       0.00   3.82120e-01
RP 15032       0.00   3.82120e-01
RP 15033       0.00   3.82102e-01
RP 15034       0.00   1.27373e-01
RP 16035       0.00   1.20348e-01
RP 17036       0.00   5.86033e-07
RP 18037       0.00   2.54562e-01
RP 18039       0.00   1.63889e-03
RP 18041       0.00   1.27373e-01
RP 19038       0.00   1.27373e-01
RP 19040       0.00   2.12226e-10
RP 19042       0.00   1.27373e-01
RP 19043       0.00   1.27373e-01
RP 19044       0.00   1.27373e-01
RP 20041       0.00   6.05882e-06
RP 20045       0.00   1.00524e-01
RP 21042       0.00   1.27373e-01
RP 21044       0.00   6.36866e-01
RP 21045      12.40   1.49484e-04
RP 21046       0.00   2.42332e-01
RP 21047       0.00   2.54747e-01
RP 22045       0.00   6.36866e-01
RP 23047       0.00   2.54747e-01
RP 23048       0.00   1.14636e+00
RP 23049       0.00   6.82272e-01
RP 23050       0.00   0.00000e+00
RP 24048       0.00   2.54747e-01
RP 24049       0.00   7.64240e-01
RP 24050       0.00   0.00000e+00
RP 24051       0.00   2.67455e+00
RP 24057       0.00   1.27373e-01
RP 25051       0.00   6.36866e-01
RP 25052     377.75   2.54747e-01
RP 25052       0.00   1.01899e+00
RP 25053       0.00   4.48510e-07
RP 25054       0.00   9.90662e-01
RP 25056       0.00   5.09493e-01
RP 25057       0.00   1.27373e-01
RP 26052       0.00   2.54747e-01
RP 26053       0.00   5.09493e-01
RP 26055       0.00   9.66407e-01
RP 26059       0.00   1.26943e-01
RP 26060       0.00   3.36970e-08
RP 27055       0.00   5.09493e-01
RP 27056       0.00   2.69654e+00
RP 27057       0.00   2.46931e+00
RP 27058       0.00   2.10455e+00
RP 27060      58.59   3.36960e-08
RP 27060       0.00   2.04028e-01
RP 27061       0.00   7.64240e-01
RP 27062       0.00   1.27373e-01
RP 27063       0.00   1.27373e-01
RP 28057       0.00   5.09493e-01
RP 28059       0.00   5.69210e-05
RP 28063       0.00   2.34741e-02
RP 28065       0.00   8.91613e-01
RP 28066       0.00   3.82120e-01
RP 28067       0.00   1.27373e-01
RP 28070       0.00   1.27373e-01
RP 29060       0.00   5.09493e-01
RP 29061       0.00   2.29272e+00
RP 29062       0.00   5.09493e+00
RP 29064       0.00   6.62341e+00
RP 29066       0.00   2.92959e+00
RP 29067       0.00   1.78323e+00
RP 29068       0.00   1.01899e+00
RP 29069       0.00   1.27373e-01
RP 29070     242.60   1.25792e-01
RP 29070     101.10   1.27373e-01
RP 29070       0.00   6.35305e-01
RP 29071       0.00   3.82120e-01
RP 29072       0.00   5.09493e-01
RP 29074       0.00   1.27373e-01
RP 30062       0.00   6.36866e-01
RP 30063       0.00   2.54747e+00
RP 30065       0.00   7.15627e+00
RP 30067      93.31   5.34887e+00
RP 30069       0.00   4.58544e+00
RP 30070       0.00   -6.82585e-21
RP 30071     157.70   7.19787e-02
RP 30071       0.00   1.65585e+00
RP 30072       0.00   1.91060e+00
RP 30074       0.00   7.64240e-01
RP 31063       0.00   1.27373e-01
RP 31064       0.00   1.27373e-01
RP 31065       0.00   1.14636e+00
RP 31066       0.00   3.18433e+00
RP 31067       0.00   6.62341e+00
RP 31068       0.00   1.16273e+01
RP 31070       0.00   1.12088e+01
RP 31072     119.66   7.37063e-02
RP 31072       0.00   8.15189e+00
RP 31073       0.00   8.15189e+00
RP 31074      59.57   4.47028e-01
RP 31074       0.00   1.78323e+00
RP 31075       0.00   6.36866e-01
RP 32066       0.00   5.09493e-01
RP 32067       0.00   5.09493e-01
RP 32068       0.00   3.09359e+00
RP 32069       0.00   1.38837e+01
RP 32071     198.35   5.88388e-02
RP 32071       0.00   3.01875e+01
RP 32073      66.73   9.59060e+00
RP 32075     139.69   4.11065e-03
RP 32075       0.00   6.49604e+00
RP 33068       0.00   5.09493e-01
RP 33070       0.00   1.01899e+00
RP 33071       0.00   1.40111e+00
RP 33072       0.00   1.65585e+00
RP 33073       0.00   1.58509e+00
RP 33074       0.00   1.01899e+00
RP 33075     303.92   4.40689e-06

EN
