0 0.05357143 0.0 0.103174604 -1.0 0.016949153 -1.0 -1.0 -1.0 -1.0 -1.0 0.007142857 0.02631579 0.7600849 -1.0 0.022727273 
1 0.046357617 0.014285714 0.037593983 -1.0 0.02 -1.0 -1.0 -1.0 -1.0 -1.0 0.029850746 0.0078125 0.8356021 -1.0 0.0 
2 0.019736841 0.012987013 0.07364341 -1.0 0.0 -1.0 -1.0 -1.0 -1.0 -1.0 0.0 0.041322313 0.88095236 -1.0 0.0 
4 0.019354839 0.0 0.013114754 -1.0 0.0 -1.0 -1.0 -1.0 -1.0 -1.0 0.0 0.010416667 0.9734042 -1.0 0.0 
5 0.0 0.0 0.0111524165 -1.0 0.018518519 -1.0 -1.0 -1.0 -1.0 -1.0 0.0 0.0 0.9793028 -1.0 0.0 
8 0.0 0.0 0.007633588 -1.0 0.0 -1.0 -1.0 -1.0 -1.0 -1.0 0.0 0.0 0.9959555 -1.0 0.0 
10 0.0 0.0 0.0071174377 -1.0 0.0 -1.0 -1.0 -1.0 -1.0 -1.0 0.0 0.0 0.99385875 -1.0 0.0 
15 0.0 0.0 0.0036101083 -1.0 0.0 -1.0 -1.0 -1.0 -1.0 -1.0 0.0 0.0 0.9989474 -1.0 0.0 
18 0.0 0.0 0.0 -1.0 0.0 -1.0 -1.0 -1.0 -1.0 -1.0 0.0 0.0 0.99797773 -1.0 0.0 
59 0.014492754 0.06849315 0.08627451 -1.0 0.08 -1.0 -1.0 -1.0 -1.0 -1.0 0.044444446 0.071428575 0.9769076 -1.0 0.0 
65 0.04137931 0.021978023 0.07874016 -1.0 0.016393442 -1.0 -1.0 -1.0 -1.0 -1.0 0.048780486 0.043956045 0.9621677 -1.0 0.01754386 
67 0.090322584 0.072463766 0.07692308 -1.0 0.074074075 -1.0 -1.0 -1.0 -1.0 -1.0 0.046153847 0.04 0.9635468 -1.0 0.023255814 
71 0.045161292 0.0 0.08713693 -1.0 0.04761905 -1.0 -1.0 -1.0 -1.0 -1.0 0.021428572 0.009090909 0.962963 -1.0 0.0 
73 0.074324325 0.04819277 0.1302682 -1.0 0.032786883 -1.0 -1.0 -1.0 -1.0 -1.0 0.05263158 0.061946902 0.9692308 -1.0 0.17777778 
80 0.13571429 0.047058824 0.16479401 -1.0 0.17741935 -1.0 -1.0 -1.0 -1.0 -1.0 0.10294118 0.07526882 0.95112014 -1.0 0.08571429 
83 0.07042254 0.12857144 0.17518248 -1.0 0.125 -1.0 -1.0 -1.0 -1.0 -1.0 0.15517241 0.18867925 0.955956 -1.0 0.16216215 
86 0.16107382 0.16470589 0.23489933 -1.0 0.1764706 -1.0 -1.0 -1.0 -1.0 -1.0 0.125 0.16831683 0.9527311 -1.0 0.07692308 
100 0.31111112 0.3611111 0.3619403 -1.0 0.375 -1.0 -1.0 -1.0 -1.0 -1.0 0.3464567 0.32456142 0.9402229 -1.0 0.3265306 
108 0.25 0.3561644 0.27755103 -1.0 0.375 -1.0 -1.0 -1.0 -1.0 -1.0 0.31914893 0.29787233 0.9559118 -1.0 0.29268292 
116 0.2112676 0.17391305 0.32 -1.0 0.3888889 -1.0 -1.0 -1.0 -1.0 -1.0 0.2601626 0.2962963 0.9631107 -1.0 0.23529412 
125 0.32876712 0.35897437 0.41240877 -1.0 0.42105263 -1.0 -1.0 -1.0 -1.0 -1.0 0.33333334 0.3220339 0.94639176 -1.0 0.2647059 
127 0.3576159 0.325 0.41137123 -1.0 0.3962264 -1.0 -1.0 -1.0 -1.0 -1.0 0.39823008 0.31428573 0.91285866 -1.0 0.27586207 
133 0.3245033 0.45238096 0.38955823 -1.0 0.39655173 -1.0 -1.0 -1.0 -1.0 -1.0 0.41322315 0.3560606 0.9481865 -1.0 0.325 
134 0.33333334 0.50666666 0.5491803 -1.0 0.3857143 -1.0 -1.0 -1.0 -1.0 -1.0 0.414966 0.44537815 0.92596453 -1.0 0.50980395 
135 0.5410959 0.61445785 0.600639 -1.0 0.65909094 -1.0 -1.0 -1.0 -1.0 -1.0 0.4214876 0.43564355 0.8936842 -1.0 0.47619048 
136 0.540146 0.5641026 0.5151515 -1.0 0.5555556 -1.0 -1.0 -1.0 -1.0 -1.0 0.46451613 0.40983605 0.9366953 -1.0 0.44827586 
137 0.40151516 0.6052632 0.56916994 -1.0 0.47058824 -1.0 -1.0 -1.0 -1.0 -1.0 0.5314685 0.48181817 0.9321503 -1.0 0.55 
141 0.4888889 0.49295774 0.5034965 -1.0 0.5531915 -1.0 -1.0 -1.0 -1.0 -1.0 0.57758623 0.49586776 0.9494845 -1.0 0.4074074 
176 0.5753425 0.69411767 0.65436244 -1.0 0.6666667 -1.0 -1.0 -1.0 -1.0 -1.0 0.4649123 0.42857143 0.9372385 -1.0 0.45238096 
178 0.5109489 0.5697674 0.6484375 -1.0 0.640625 -1.0 -1.0 -1.0 -1.0 -1.0 0.54545456 0.5619048 0.9296957 -1.0 0.5 
187 0.68715084 0.73913044 0.7233202 -1.0 0.6666667 -1.0 -1.0 -1.0 -1.0 -1.0 0.6906475 0.75757575 0.9046122 -1.0 0.73214287 
265 0.4820144 0.7222222 0.8055556 -1.0 0.546875 -1.0 -1.0 -1.0 -1.0 -1.0 0.5531915 0.61206895 0.9038263 -1.0 0.7346939 
326 0.77575755 0.6375 0.8093525 -1.0 0.16 -1.0 -1.0 -1.0 -1.0 -1.0 0.65648854 0.84761906 0.92080253 -1.0 0.75 
354 0.78145695 0.87058824 0.6 -1.0 0.70689654 -1.0 -1.0 -1.0 -1.0 -1.0 0.7107438 0.67424244 0.95119417 -1.0 0.7 
402 0.6687898 0.65384614 0.8030888 -1.0 0.8035714 -1.0 -1.0 -1.0 -1.0 -1.0 0.79432625 0.6614173 0.96599364 -1.0 0.8292683 
405 0.75301206 0.82666665 0.7182131 -1.0 0.82608694 -1.0 -1.0 -1.0 -1.0 -1.0 0.73333335 0.67368424 0.98136646 -1.0 0.63414633 
446 0.75816995 0.85393256 0.71568626 -1.0 0.90909094 -1.0 -1.0 -1.0 -1.0 -1.0 0.751938 0.5729167 0.97343254 -1.0 0.71428573 
536 0.7826087 0.87341774 0.84615386 -1.0 0.9347826 -1.0 -1.0 -1.0 -1.0 -1.0 0.88461536 0.7111111 0.97794116 -1.0 0.76744187 
759 0.9126984 0.7710843 0.8185328 -1.0 0.79710144 -1.0 -1.0 -1.0 -1.0 -1.0 0.8802817 0.8952381 0.9937759 -1.0 0.71153843 
926 0.9189189 0.8767123 0.9227941 -1.0 0.9814815 -1.0 -1.0 -1.0 -1.0 -1.0 0.8943089 0.875 0.97757393 -1.0 0.9459459 
951 0.8974359 0.9285714 0.9188034 -1.0 0.8113208 -1.0 -1.0 -1.0 -1.0 -1.0 0.8712121 0.9 0.9555336 -1.0 0.88372093 
1090 0.890511 0.9264706 0.89344263 -1.0 0.90909094 -1.0 -1.0 -1.0 -1.0 -1.0 0.89830506 0.90677965 0.9823009 -1.0 0.88372093 
1131 0.8413793 0.9041096 0.93385214 -1.0 0.8627451 -1.0 -1.0 -1.0 -1.0 -1.0 0.80597013 0.89320385 0.9797776 -1.0 0.8958333 
1303 0.86092716 0.9324324 0.89316237 -1.0 0.90909094 -1.0 -1.0 -1.0 -1.0 -1.0 0.8920863 0.9117647 0.99101794 -1.0 0.9302326 
