0 0.4400000000993411 0.42500000074505806
1 0.4816666712363561 0.46277777718173135
2 0.5250000009934107 0.49555555714501276
4 0.5116666654745737 0.5350000012252066
5 0.5566666682561239 0.5399999996026357
8 0.5133333335320155 0.5444444480869505
10 0.5516666650772095 0.5588888906770282
15 0.5283333351214726 0.5605555620458391
18 0.5633333315451939 0.5655555559529198
59 0.639999998609225 0.5888888875643412
65 0.6300000061591466 0.6094444453716278
67 0.6233333339293797 0.6166666683223513
71 0.6083333363135656 0.6177777777115504
73 0.6533333361148834 0.6222222235467699
80 0.7250000079472859 0.6288888848490185
83 0.6800000031789144 0.6305555585357878
86 0.6633333335320155 0.6650000012583203
100 0.7383333325386048 0.6900000012583203
108 0.7566666702429453 0.6988888896173902
116 0.7566666662693023 0.7100000007285012
125 0.7899999996026357 0.7222222218910853
127 0.8183333396911621 0.7333333353201549
133 0.7649999976158142 0.7338888896836175
134 0.8099999984105428 0.7494444443119896
135 0.8216666678587595 0.7505555556880104
136 0.8066666742165883 0.751111109720336
137 0.8116666714350382 0.7683333337306977
141 0.8049999952316285 0.7766666657394833
176 0.8333333333333334 0.7872222238116794
178 0.8400000035762787 0.8094444460339016
187 0.8433333337306976 0.8199999988079071
265 0.8766666650772095 0.8261111120382945
326 0.8316666702429454 0.832222224606408
354 0.8783333281675975 0.8461111081971062
402 0.8983333349227905 0.8844444400734371
405 0.9133333265781403 0.8905555526415507
446 0.924999996026357 0.9072222159968482
536 0.948333328962326 0.9205555518468221
759 0.9283333241939544 0.9399999929798974
926 0.9283333261807759 0.9488888800144195
951 0.9449999928474426 0.9499999907281663
1090 0.9449999888737997 0.9522222141424815
1131 0.9399999936421712 0.9594444374243418
1303 0.9516666571299235 0.9622222132152981
