0 0.045751635 0.04347826 0.09765625 -1.0 0.0 -1.0 -1.0 -1.0 -1.0 -1.0 0.04 0.042372882 0.76102567 -1.0 0.021276595 
1 0.048275862 0.014084507 0.057915058 -1.0 0.0 -1.0 -1.0 -1.0 -1.0 -1.0 0.0078125 0.017699115 0.86489254 -1.0 0.0 
2 0.006849315 0.0 0.064638786 -1.0 0.0 -1.0 -1.0 -1.0 -1.0 -1.0 0.030075189 0.008333334 0.9012474 -1.0 0.0 
3 0.015873017 0.0 0.014760148 -1.0 0.0 -1.0 -1.0 -1.0 -1.0 -1.0 0.007874016 0.00877193 0.9486125 -1.0 0.0 
6 0.006802721 0.012658228 0.00754717 -1.0 0.0 -1.0 -1.0 -1.0 -1.0 -1.0 0.007352941 0.0 0.9814815 -1.0 0.0 
8 0.0 0.0 0.004048583 -1.0 0.0 -1.0 -1.0 -1.0 -1.0 -1.0 0.0 0.0 0.9887755 -1.0 0.0 
14 0.0 0.0125 0.0073260074 -1.0 0.0 -1.0 -1.0 -1.0 -1.0 -1.0 0.0 0.0 0.9917355 -1.0 0.0 
16 0.0 0.0 0.0 -1.0 0.0 -1.0 -1.0 -1.0 -1.0 -1.0 0.007246377 0.0 0.9918699 -1.0 0.0 
19 0.0 0.0 0.003937008 -1.0 0.0 -1.0 -1.0 -1.0 -1.0 -1.0 0.007874016 0.0 0.9907787 -1.0 0.0 
27 0.0 0.0 0.015151516 -1.0 0.0 -1.0 -1.0 -1.0 -1.0 -1.0 0.007518797 0.0 0.9927536 -1.0 0.0 
36 0.0068965517 0.013888889 0.01438849 -1.0 0.0 -1.0 -1.0 -1.0 -1.0 -1.0 0.007575758 0.007518797 0.99044585 -1.0 0.0 
38 0.0068965517 0.0 0.0 -1.0 0.013888889 -1.0 -1.0 -1.0 -1.0 -1.0 0.0 0.0 0.98582995 -1.0 0.0 
39 0.0 0.0 0.023166023 -1.0 0.0 -1.0 -1.0 -1.0 -1.0 -1.0 0.015037594 0.0 0.9874214 -1.0 0.0 
65 0.036809817 0.011904762 0.1097561 -1.0 0.0 -1.0 -1.0 -1.0 -1.0 -1.0 0.05147059 0.054054055 0.9703173 -1.0 0.060606062 
73 0.071428575 0.07692308 0.115384616 -1.0 0.036363635 -1.0 -1.0 -1.0 -1.0 -1.0 0.07092199 0.048543688 0.95468587 -1.0 0.02631579 
76 0.071428575 0.02739726 0.15810277 -1.0 0.10606061 -1.0 -1.0 -1.0 -1.0 -1.0 0.083333336 0.07017544 0.9301848 -1.0 0.0 
81 0.11724138 0.13333334 0.14285715 -1.0 0.06779661 -1.0 -1.0 -1.0 -1.0 -1.0 0.14814815 0.1388889 0.9530133 -1.0 0.10638298 
83 0.1625 0.14285715 0.22727273 -1.0 0.10526316 -1.0 -1.0 -1.0 -1.0 -1.0 0.13846155 0.10185185 0.9366563 -1.0 0.1764706 
85 0.11486486 0.13043478 0.2527881 -1.0 0.16071428 -1.0 -1.0 -1.0 -1.0 -1.0 0.096 0.13675214 0.9201245 -1.0 0.09615385 
98 0.15827338 0.2 0.17266187 -1.0 0.14545454 -1.0 -1.0 -1.0 -1.0 -1.0 0.32 0.2647059 0.9392379 -1.0 0.18181819 
108 0.30882353 0.35064936 0.46007603 -1.0 0.3114754 -1.0 -1.0 -1.0 -1.0 -1.0 0.3809524 0.33333334 0.9152893 -1.0 0.37209302 
116 0.47468355 0.29885057 0.45867768 -1.0 0.35185185 -1.0 -1.0 -1.0 -1.0 -1.0 0.47368422 0.4090909 0.9066667 -1.0 0.4878049 
124 0.46308726 0.23076923 0.496 -1.0 0.16949153 -1.0 -1.0 -1.0 -1.0 -1.0 0.2846154 0.371134 0.92424244 -1.0 0.29787233 
132 0.3478261 0.34615386 0.46183205 -1.0 0.15384616 -1.0 -1.0 -1.0 -1.0 -1.0 0.21666667 0.2 0.94715023 -1.0 0.30769232 
133 0.4722222 0.32 0.552 -1.0 0.2647059 -1.0 -1.0 -1.0 -1.0 -1.0 0.28 0.32231405 0.9158974 -1.0 0.33333334 
134 0.48076922 0.28985506 0.5860806 -1.0 0.2857143 -1.0 -1.0 -1.0 -1.0 -1.0 0.33093524 0.30701753 0.8937093 -1.0 0.61403507 
148 0.48854962 0.6419753 0.53333336 -1.0 0.5084746 -1.0 -1.0 -1.0 -1.0 -1.0 0.4820144 0.5824176 0.94303155 -1.0 0.41304347 
157 0.49586776 0.5316456 0.6231343 -1.0 0.44444445 -1.0 -1.0 -1.0 -1.0 -1.0 0.5 0.48598132 0.9326633 -1.0 0.3902439 
263 0.63114756 0.60493827 0.5833333 -1.0 0.53968257 -1.0 -1.0 -1.0 -1.0 -1.0 0.7647059 0.45714286 0.9595262 -1.0 0.53333336 
321 0.5109489 0.7012987 0.68401486 -1.0 0.71428573 -1.0 -1.0 -1.0 -1.0 -1.0 0.7155963 0.568 0.976 -1.0 0.5609756 
324 0.67333335 0.51724136 0.7550201 -1.0 0.64 -1.0 -1.0 -1.0 -1.0 -1.0 0.7007299 0.7058824 0.95 -1.0 0.6904762 
329 0.61904764 0.8452381 0.76014763 -1.0 0.6792453 -1.0 -1.0 -1.0 -1.0 -1.0 0.7401575 0.6666667 0.9732785 -1.0 0.6923077 
386 0.84375 0.8488372 0.78467155 -1.0 0.6981132 -1.0 -1.0 -1.0 -1.0 -1.0 0.7910448 0.8035714 0.9669763 -1.0 0.79545456 
444 0.7714286 0.8152174 0.8436214 -1.0 0.6666667 -1.0 -1.0 -1.0 -1.0 -1.0 0.829932 0.76033056 0.96878254 -1.0 0.7619048 
547 0.8974359 0.87142855 0.917603 -1.0 0.91525424 -1.0 -1.0 -1.0 -1.0 -1.0 0.8582677 0.81578946 0.9685535 -1.0 0.754717 
597 0.9264706 0.8961039 0.89353615 -1.0 0.8196721 -1.0 -1.0 -1.0 -1.0 -1.0 0.9047619 0.9206349 0.9338843 -1.0 0.88372093 
718 0.87341774 0.85915494 0.9112628 -1.0 0.8333333 -1.0 -1.0 -1.0 -1.0 -1.0 0.80701756 0.9074074 0.98399144 -1.0 0.70212764 
720 0.84246576 0.7294118 0.91828793 -1.0 0.7241379 -1.0 -1.0 -1.0 -1.0 -1.0 0.8278689 0.8737864 0.9908257 -1.0 0.7708333 
755 0.85714287 0.8227848 0.8921162 -1.0 0.8169014 -1.0 -1.0 -1.0 -1.0 -1.0 0.85507244 0.93636364 0.9866667 -1.0 0.8717949 
812 0.8439716 0.82666665 0.8697318 -1.0 0.84 -1.0 -1.0 -1.0 -1.0 -1.0 0.87096775 0.9433962 0.9815005 -1.0 0.93333334 
834 0.9066667 0.7948718 0.8464567 -1.0 0.71428573 -1.0 -1.0 -1.0 -1.0 -1.0 0.86614174 0.88990825 0.982582 -1.0 0.7906977 
900 0.8851351 0.9130435 0.8959108 -1.0 0.85714287 -1.0 -1.0 -1.0 -1.0 -1.0 0.848 0.85470086 0.9657676 -1.0 0.88461536 
940 0.89361703 0.85 0.9233871 -1.0 0.8 -1.0 -1.0 -1.0 -1.0 -1.0 0.8492063 0.9528302 0.9859013 -1.0 0.84782606 
957 0.9084507 0.9027778 0.8989899 -1.0 0.87234044 -1.0 -1.0 -1.0 -1.0 -1.0 0.85714287 0.852459 0.97320473 -1.0 0.8518519 
1108 0.875 0.9113924 0.89312977 -1.0 0.8909091 -1.0 -1.0 -1.0 -1.0 -1.0 0.8848921 0.88495576 0.9658385 -1.0 0.88095236 
