0 0.44000000481804213 0.4449999998013178
1 0.4883333345254262 0.4761111125349998
2 0.5199999988079071 0.5044444450073772
3 0.5233333329359691 0.5244444439808528
6 0.5149999996026356 0.5411111116409302
8 0.551666667064031 0.5427777820163303
14 0.5250000009934107 0.545555556151602
16 0.5483333339293798 0.5522222263945473
19 0.5833333353201549 0.5533333347903358
27 0.5516666705409686 0.5638888905445735
36 0.5433333367109299 0.5650000019205941
38 0.5550000021855036 0.5699999988079071
39 0.5533333331346512 0.5750000009934108
65 0.6416666646798451 0.5822222216261758
73 0.6949999998013179 0.6211111128330231
76 0.7033333371082942 0.6311111115747028
81 0.7116666615009308 0.6572222239441342
83 0.7350000003973644 0.6644444449080361
85 0.7249999980131785 0.6727777765856848
98 0.7666666686534882 0.6844444417291218
108 0.7816666722297668 0.701666666732894
116 0.7983333349227906 0.7044444428549872
124 0.8133333345254262 0.7083333326710595
132 0.7316666672627131 0.7200000001324548
133 0.7833333333333333 0.7277777784400516
134 0.8633333384990692 0.7516666664017572
148 0.821666665871938 0.7522222244077259
157 0.851666663090388 0.7866666661368475
263 0.8649999996026357 0.7894444439146254
321 0.8399999956289927 0.8066666662693024
324 0.8766666611035665 0.8305555575423771
329 0.8933333257834116 0.8638888908757104
386 0.9149999936421712 0.8883333312140571
444 0.9233333269755045 0.8966666612360212
547 0.9433333277702332 0.9249999933772617
597 0.9366666615009308 0.9261111034287347
718 0.9399999916553498 0.927222216129303
720 0.949999992052714 0.9316666589842902
755 0.9216666559378306 0.939999994304445
812 0.9283333241939544 0.9405555460188124
834 0.9383333245913188 0.9422222130828434
900 0.9233333269755045 0.9427777700954013
940 0.9466666599114736 0.9433333251211379
957 0.9316666603088379 0.9461111022366417
1108 0.9433333237965902 0.9511111047532823
